6.4424
6.9127
6.7739
4.5572
6.2900
5.0968
5.5479
5.7293
4.0029
4.5094
5.4325
4.6492
5.7846
4.5613
5.0331
4.3973
3.5992
3.7143
6.7771
4.4955
3.8891
6.5620
2.0922
3.9028
2.8985
3.8645
5.5534
4.7540
2.0000
3.7369
3.0483
3.5043
4.8616
6.2554
6.2628
4.2424
4.8387
4.7992
6.0748
8.0000
6.8321
5.7094
6.9417
5.6107
4.3114
6.5437
4.4277
4.4790
4.4567
5.6984
3.1385
4.8959
5.9928
3.6567
7.1104
6.4424
6.9127
6.7739
4.5572
6.2900
5.0968
5.5479
5.7293
4.0029
4.5094
5.4325
4.6492
5.7846
4.5613
5.0331
4.3973
3.5992
3.7143
6.7771
4.4955
3.8891
6.5620
2.0922
3.9028
2.8985
3.8645
5.5534
4.7540
2.0000
3.7369
3.0483
3.5043
4.8616
6.2554
6.2628
4.2424
4.8387
4.7992
6.0748
8.0000
6.8321
5.7094
6.9417
5.6107
4.3114
6.5437
4.4277
4.4790
4.4567
5.6984
3.1385
4.8959
5.9928
3.6567
7.1104
6.4424
6.9127
6.7739
4.5572
6.2900
5.0968
5.5479
5.7293
4.0029
4.5094
5.4325
4.6492
5.7846
4.5613
5.0331
4.3973
3.5992
3.7143
6.7771
4.4955
3.8891
6.5620
2.0922
3.9028
2.8985
3.8645
5.5534
4.7540
2.0000
3.7369
3.0483
3.5043
4.8616
6.2554
6.2628
4.2424
4.8387
4.7992
6.0748
8.0000
6.8321
5.7094
6.9417
5.6107
4.3114
6.5437
4.4277
4.4790
4.4567
5.6984
3.1385
4.8959
5.9928
3.6567
7.1104
6.4424
6.9127
6.7739
4.5572
6.2900
5.0968
5.5479
5.7293
4.0029
4.5094
5.4325
4.6492
5.7846
4.5613
5.0331
4.3973
3.5992
3.7143
6.7771
4.4955
3.8891
6.5620
2.0922
3.9028
2.8985
3.8645
5.5534
4.7540
2.0000
3.7369
3.0483
3.5043
4.8616
6.2554
6.2628
4.2424
4.8387
4.7992
6.0748
8.0000
6.8321
5.7094
6.9417
5.6107
4.3114
6.5437
4.4277
4.4790
4.4567
5.6984
3.1385
4.8959
5.9928
3.6567
7.1104
6.4424
6.9127
6.7739
4.5572
6.2900
5.0968
5.5479
5.7293
4.0029
4.5094
5.4325
4.6492
5.7846
4.5613
5.0331
4.3973
3.5992
3.7143
6.7771
4.4955
3.8891
6.5620
2.0922
3.9028
2.8985
3.8645
5.5534
4.7540
2.0000
3.7369
3.0483
3.5043
4.8616
6.2554
6.2628
4.2424
4.8387
4.7992
6.0748
8.0000
6.8321
5.7094
6.9417
5.6107
4.3114
6.5437
4.4277
4.4790
4.4567
5.6984
3.1385
4.8959
5.9928
3.6567
7.1104
6.4424
6.9127
6.7739
4.5572
6.2900
5.0968
5.5479
5.7293
4.0029
4.5094
5.4325
4.6492
5.7846
4.5613
5.0331
4.3973
3.5992
3.7143
6.7771
4.4955
3.8891
6.5620
2.0922
3.9028
2.8985
3.8645
5.5534
4.7540
2.0000
3.7369
3.0483
3.5043
4.8616
6.2554
6.2628
4.2424
4.8387
4.7992
6.0748
8.0000
6.8321
5.7094
6.9417
5.6107
4.3114
6.5437
4.4277
4.4790
4.4567
5.6984
3.1385
4.8959
5.9928
3.6567
7.1104
6.4424
6.9127
6.7739
4.5572
6.2900
5.0968
5.5479
5.7293
4.0029
4.5094
5.4325
4.6492
5.7846
4.5613
5.0331
4.3973
3.5992
3.7143
6.7771
4.4955
3.8891
6.5620
2.0922
3.9028
2.8985
3.8645
5.5534
4.7540
2.0000
3.7369
3.0483
3.5043
4.8616
6.2554
6.2628
4.2424
4.8387
4.7992
6.0748
8.0000
6.8321
5.7094
6.9417
5.6107
4.3114
6.5437
4.4277
4.4790
4.4567
5.6984
3.1385
4.8959
5.9928
3.6567
7.1104
6.4424
6.9127
6.7739
4.5572
6.2900
5.0968
5.5479
5.7293
4.0029
4.5094
5.4325
4.6492
5.7846
4.5613
5.0331
4.3973
3.5992
3.7143
6.7771
4.4955
3.8891
6.5620
2.0922
3.9028
2.8985
3.8645
5.5534
4.7540
2.0000
3.7369
3.0483
3.5043
4.8616
6.2554
6.2628
4.2424
4.8387
4.7992
6.0748
8.0000
6.8321
5.7094
6.9417
5.6107
4.3114
6.5437
4.4277
4.4790
4.4567
5.6984
3.1385
4.8959
5.9928
3.6567
7.1104
6.4424
6.9127
6.7739
4.5572
6.2900
5.0968
5.5479
5.7293
4.0029
4.5094
5.4325
4.6492
5.7846
4.5613
5.0331
4.3973
3.5992
3.7143
6.7771
4.4955
3.8891
6.5620
2.0922
3.9028
2.8985
3.8645
5.5534
4.7540
2.0000
3.7369
3.0483
3.5043
4.8616
6.2554
6.2628
4.2424
4.8387
4.7992
6.0748
8.0000
6.8321
5.7094
6.9417
5.6107
4.3114
6.5437
4.4277
4.4790
4.4567
5.6984
3.1385
4.8959
5.9928
3.6567
7.1104
6.4424
6.9127
6.7739
4.5572
6.2900
5.0968
5.5479
5.7293
4.0029
4.5094
5.4325
4.6492
5.7846
4.5613
5.0331
4.3973
3.5992
3.7143
6.7771
4.4955
3.8891
6.5620
2.0922
3.9028
2.8985
3.8645
5.5534
4.7540
2.0000
3.7369
3.0483
3.5043
4.8616
6.2554
6.2628
4.2424
4.8387
4.7992
6.0748
8.0000
6.8321
5.7094
6.9417
5.6107
4.3114
6.5437
4.4277
4.4790
4.4567
5.6984
3.1385
4.8959
5.9928
3.6567
7.1104