5.2850
6.0903
4.2863
5.0339
5.0417
4.8548
5.6797
6.0036
6.6692
6.4956
6.0425
6.4910
5.2086
6.5562
6.0207
6.6750
5.6984
2.0649
7.9039
5.2623
5.5457
5.2692
4.2626
5.4853
5.6621
5.3137
4.6502
8.0000
4.4797
5.8626
5.6906
2.0000
2.9842
4.3938
4.4444
4.8007
3.5428
5.0371
6.9423
4.7659
4.1985
5.4648
6.0718
5.2978
5.2850
6.0903
4.2863
5.0339
5.0417
4.8548
5.6797
6.0036
6.6692
6.4956
6.0425
6.4910
5.2086
6.5562
6.0207
6.6750
5.6984
2.0649
7.9039
5.2623
5.5457
5.2692
4.2626
5.4853
5.6621
5.3137
4.6502
8.0000
4.4797
5.8626
5.6906
2.0000
2.9842
4.3938
4.4444
4.8007
3.5428
5.0371
6.9423
4.7659
4.1985
5.4648
6.0718
5.2978
5.2850
6.0903
4.2863
5.0339
5.0417
4.8548
5.6797
6.0036
6.6692
6.4956
6.0425
6.4910
5.2086
6.5562
6.0207
6.6750
5.6984
2.0649
7.9039
5.2623
5.5457
5.2692
4.2626
5.4853
5.6621
5.3137
4.6502
8.0000
4.4797
5.8626
5.6906
2.0000
2.9842
4.3938
4.4444
4.8007
3.5428
5.0371
6.9423
4.7659
4.1985
5.4648
6.0718
5.2978
5.2850
6.0903
4.2863
5.0339
5.0417
4.8548
5.6797
6.0036
6.6692
6.4956
6.0425
6.4910
5.2086
6.5562
6.0207
6.6750
5.6984
2.0649
7.9039
5.2623
5.5457
5.2692
4.2626
5.4853
5.6621
5.3137
4.6502
8.0000
4.4797
5.8626
5.6906
2.0000
2.9842
4.3938
4.4444
4.8007
3.5428
5.0371
6.9423
4.7659
4.1985
5.4648
6.0718
5.2978
5.2850
6.0903
4.2863
5.0339
5.0417
4.8548
5.6797
6.0036
6.6692
6.4956
6.0425
6.4910
5.2086
6.5562
6.0207
6.6750
5.6984
2.0649
7.9039
5.2623
5.5457
5.2692
4.2626
5.4853
5.6621
5.3137
4.6502
8.0000
4.4797
5.8626
5.6906
2.0000
2.9842
4.3938
4.4444
4.8007
3.5428
5.0371
6.9423
4.7659
4.1985
5.4648
6.0718
5.2978
5.2850
6.0903
4.2863
5.0339
5.0417
4.8548
5.6797
6.0036
6.6692
6.4956
6.0425
6.4910
5.2086
6.5562
6.0207
6.6750
5.6984
2.0649
7.9039
5.2623
5.5457
5.2692
4.2626
5.4853
5.6621
5.3137
4.6502
8.0000
4.4797
5.8626
5.6906
2.0000
2.9842
4.3938
4.4444
4.8007
3.5428
5.0371
6.9423
4.7659
4.1985
5.4648
6.0718
5.2978
5.2850
6.0903
4.2863
5.0339
5.0417
4.8548
5.6797
6.0036
6.6692
6.4956
6.0425
6.4910
5.2086
6.5562
6.0207
6.6750
5.6984
2.0649
7.9039
5.2623
5.5457
5.2692
4.2626
5.4853
5.6621
5.3137
4.6502
8.0000
4.4797
5.8626
5.6906
2.0000
2.9842
4.3938
4.4444
4.8007
3.5428
5.0371
6.9423
4.7659
4.1985
5.4648
6.0718
5.2978
5.2850
6.0903
4.2863
5.0339
5.0417
4.8548
5.6797
6.0036
6.6692
6.4956
6.0425
6.4910
5.2086
6.5562
6.0207
6.6750
5.6984
2.0649
7.9039
5.2623
5.5457
5.2692
4.2626
5.4853
5.6621
5.3137
4.6502
8.0000
4.4797
5.8626
5.6906
2.0000
2.9842
4.3938
4.4444
4.8007
3.5428
5.0371
6.9423
4.7659
4.1985
5.4648
6.0718
5.2978
5.2850
6.0903
4.2863
5.0339
5.0417
4.8548
5.6797
6.0036
6.6692
6.4956
6.0425
6.4910
5.2086
6.5562
6.0207
6.6750
5.6984
2.0649
7.9039
5.2623
5.5457
5.2692
4.2626
5.4853
5.6621
5.3137
4.6502
8.0000
4.4797
5.8626
5.6906
2.0000
2.9842
4.3938
4.4444
4.8007
3.5428
5.0371
6.9423
4.7659
4.1985
5.4648
6.0718
5.2978
5.2850
6.0903
4.2863
5.0339
5.0417
4.8548
5.6797
6.0036
6.6692
6.4956
6.0425
6.4910
5.2086
6.5562
6.0207
6.6750
5.6984
2.0649
7.9039
5.2623
5.5457
5.2692
4.2626
5.4853
5.6621
5.3137
4.6502
8.0000
4.4797
5.8626
5.6906
2.0000
2.9842
4.3938
4.4444
4.8007
3.5428
5.0371
6.9423
4.7659
4.1985
5.4648
6.0718
5.2978