2.415
2.415
2.283
2.288
2.623
3.225
3.838
4.591
5.338
5.736
5.951
6.071
6.034
5.834
5.402
4.973
4.506
4.251
4.099
3.881
3.518
3.145
2.906
2.674
2.526
2.482
2.464
2.901
3.508
4.204
5.03
5.73
6.022
5.956
5.771
5.464
5.092
4.606
3.876
3.201
2.925
2.683
2.593
2.414
2.406
2.561
2.883
3.547
4.23
4.524
4.701
4.73
4.774
4.869
5.005
4.942
4.678
4.269
3.956
3.693
3.441
3.122
2.856
2.752
2.603
2.611
2.784
3.162
3.709
4.184
4.72
5.458
5.882
5.334
4.614
3.9
3.394
3.147
2.914
2.673
2.702
3.183
4.287
5.304
5.726
6.039
5.822
5.683
5.396
4.933
4.142
3.68
3.377
3.224
3.015
2.847
2.78
2.776
3.109
3.832
4.587
5.306
5.833
5.679
5.288
4.883
4.557
3.904
3.32
3.123
3.094
3.455
3.863
4.018
4.067
4.123
4.286
4.618
5.149
5.563
5.559
5.282
5.189
5.24
5.314
5.266
5.053
4.646
4.072
3.671
3.456
3.246
2.977
2.916
3.193
3.639
4.064
4.223
4.307
4.288
4.311
4.433
4.673
5.288
5.939
5.774
4.849
4.114
3.647
3.474
3.386
3.53
3.843
4.022
4.074
4.123
4.083
4.17
4.239
4.371
4.715
4.894
4.889
5.016
5.017
5.13
5.132
4.939
4.697
4.028
3.453
3.22
3.026
3.03
3.049
3.248
3.74
4.222
4.421
4.481
4.419
4.328
4.369
4.592
4.937
5.199
5.268
5.536
5.113
4.768
4.477
3.955
3.492
3.644
4.12
4.55
4.687
4.76
4.555
4.45
4.541
4.874
5.292
5.379
5.2
5.21
5.142
5.109
4.962
4.738
4.418
3.872
3.336
3.226
3.166
3.276
3.746
4.451
4.882
5.423
5.876
4.441
4.564
4.659
4.464
4.384
4.406
4.384
4.151
3.877
3.105
2.876
3.021
3.694
4.561
5.42
5.802
5.375
5.16
4.855
4.799
4.757
4.572
4.36
4.15
4.072
4.031
3.731
3.366
3.204
3.064
3.121
3.274
3.68
4.223
4.597
4.728
4.787
4.678
4.537
3.731
3.366
3.204
3.064
3.121
3.274
3.68
4.223
4.597
4.728
4.787
4.678
4.537
4.476
4.329
4.546
4.923
5.201
4.485
4.089
4.311
4.815
5.145
5.082
5.007
4.726
4.568
4.459
4.311
4.155
3.668
3.887
3.617
3.59
3.871
4.369
4.761
4.886
4.782
4.606