2.415
2.415
2.283
2.288
2.623
3.225
3.838
4.591
5.338
5.736
5.951
6.071
6.106
6.034
5.834
5.402
4.973
4.506
4.251
4.099
3.881
3.518
3.145
2.906
2.674
2.526
2.482
2.464
2.901
3.508
4.204
5.03
5.73
6.022
6.272
6.231
6.436
6.711
6.837
6.757
6.441
5.956
5.771
5.464
5.092
4.606
3.876
3.201
2.925
2.683
2.593
2.414
2.406
2.561
2.883
3.547
4.23
4.524
4.701
4.73
4.774
4.869
5.005
4.942
4.678
4.269
3.956
3.693
3.441
3.122
2.856
2.752
2.603
2.611
2.784
3.162
3.709
4.184
4.72
5.458
6.068
6.551
7.193
7.608
7.641
7.372
7.177
7.042
6.517
5.882
5.334
4.614
3.9
3.394
3.147
2.914
2.673
2.702
3.183
4.287
5.304
5.726
6.066
6.25
6.707
7.389
7.598
7.494
6.864
6.039
5.822
5.683
5.396
4.933
4.142
3.68
3.377
3.224
3.015
2.847
2.78
2.776
3.109
3.832
4.587
5.306
5.833
6.167
6.96
7.468
7.727
7.778
7.547
7.396
7.343
7.206
7.122
6.451
5.679
5.288
4.883
4.557
3.904
3.32
3.123
3.094
3.455
3.863
4.018
4.067
4.123
4.286
4.618
5.149
5.563
5.559
5.282
5.189
5.24
5.314
5.266
5.053
4.646
4.072
3.671
3.456
3.246
2.977
2.916
3.193
3.639
4.064
4.223
4.307
4.288
4.311
4.433
4.673
5.288
5.939
6.472
6.879
6.988
7.045
6.975
6.833
6.491
5.774
4.849
4.114
3.647
3.474
3.386
3.53
3.843
4.022
4.074
4.123
4.083
4.17
4.239
4.371
4.715
4.894
4.889
5.016
5.017
5.13
5.132
4.939
4.697
4.028
3.453
3.22
3.026
3.03
3.049
3.248
3.74
4.222
4.421
4.481
4.419
4.328
4.369
4.592
4.937
5.199
5.268
5.536
6.153
6.579
6.594
6.514
6.166
5.626
5.113
4.768
4.477
3.955
3.492
3.644
4.12
4.55
4.687
4.76
4.555
4.45
4.541
4.874
5.292
5.379
5.2
5.21
5.142
5.109
4.962
4.738
4.418
3.872
3.336
3.226
3.166
3.276
3.746
4.451
4.882
5.423
5.876
5.997
6.05
6.08
5.866
5.762
5.71
6.274
7.007
7.19
7.192
7.133
6.937
6.666
6.455
5.96
5.126
4.298
3.848
3.974
4.511
4.642
4.601
4.506
4.182
4.176
4.338
3.999
3.746
3.984
3.782
4.149
4.576
4.882
5.072
5.051
4.997
4.962
4.872
4.642
3.982
3.486
3.509
3.85
4.441
4.564
4.659
4.464
4.384
4.406
4.384
4.151
3.877
3.105
2.876
3.021
3.694
4.561
5.42
6.045
6.298
6.394
6.247
6.07
5.802
5.375
5.16
4.855
4.799
4.757
4.572
4.36
4.15
4.072
4.031
3.731
3.366
3.204
3.064
3.121
3.274
3.68
4.223
4.597
4.728
4.787
4.678
4.537
4.476
4.329
4.546
4.923
5.201
5.901
6.152
6.144
6.089
5.912
5.358
5.146
4.835
4.424
4.059
3.913
4.512
5.543
6.226
6.387
6.447
6.315
6.14
6.023
5.752
5.27
4.485
4.089
4.311
4.815
5.145
5.082
5.007
4.726
4.568
4.459
4.311
4.155
3.668
3.303
3.349
3.681
4.171
4.444
4.544
4.599
4.478
4.449
4.377
4.168
3.887
3.617
3.59
3.871
4.369
4.761
4.886
4.782
4.606
4.476
4.433
4.387
4.188
3.992
3.851
4.244
4.891
5.629
6.134
6.197
6.207
6.12
6.157
6.603
6.73
6.523
6.016
5.533
5.297
4.991
4.871
4.656
4.326
3.803
3.352
3.139
3.006
2.888
2.884
2.96
3.394
4.055
4.554
4.725
4.775
4.707
4.882
5.389
5.713
5.675
5.422
5.176
5.171
5.227
5.117
4.787
4.287
3.56
3.234
3.158
3.161
3.26
3.715
4.538
5.449
6.025
6.291
6.343
6.269
6.259
6.433
6.628
6.497
6.02
5.599
5.299
5.078
4.963
4.779
4.346
3.796
3.386
3.143
3.106
2.945
2.793
2.636
2.654
2.833
3.398
3.996
4.263
4.373
4.568
4.851
5.247
5.481
5.662
5.818
6.061
6.221
6.192
6.043
5.734
5.413
4.938
4.516
4.036
3.498
3.173
2.885
2.891
3.127
3.8
4.688
5.388
5.92
6.372
6.973
7.352
7.601
7.972
7.885
7.6
7.292
6.9
6.471
5.944
5.406
4.976
4.598
3.932
3.355
3.076
2.844
2.626
2.549
2.779
3.323
3.842
4.179
4.439
4.461
4.522
4.609
4.706
4.89
4.934
5.09
5.337
5.326
5.37
5.119
4.871
4.663
4.221
3.734
3.327
3.233
3.587
4.165
4.533
5.027
5.585
5.812
5.97
6.131
6.004
5.759
5.339
4.933
4.512
4.064
3.762
3.627
3.658
3.464
3.254
3.11
2.813
2.676
2.542
2.409
2.374
2.541
2.957
3.685
4.303
4.924
5.591
5.89
6.024
6.016
6.029
5.974
5.54
5.153
4.915
4.462
4.097
3.694
3.4
3.099
2.942
2.689
2.575
2.454
2.525
2.624
3.006
3.782
4.907
6.152
7.076
7.44
7.622
7.61
7.521
7.456
6.915
6.078
5.343
4.726
4.393
4.147
3.854
3.476
3.188
2.861
2.694
2.606
2.562
2.431
2.552
2.917
3.904
4.925
5.592
6.004
6.106
6.215
6.792
7.362
7.532
7.059
6.364
5.91
5.681
5.469
4.957
4.301
3.573
3.126
2.942
3.032
3.323
3.756
4.073
4.368
5.069
6.06
6.869
7.2
7.363
7.506
7.744
7.947
8
7.646
6.784
6.035
5.568
5.235
4.941
4.222
3.492
3.132
2.788
2.651
2.448
2.404
2.423
2.846
3.733
4.291
5.075
5.787
5.967
6.248
6.577
7.099
7.404
7.341
7.185
6.748
6.161
5.648
5.233
4.723
4.094
3.449
3.066
2.841
2.722
2.742
3.256
4.355
5.379
6.206
7.04
7.398
7.721
7.866
7.693
7.39
6.598
5.712
5.408
4.918
4.477
4.035
3.641
3.365
3.052
2.809
2.678
2.542
2.584
2.679
3.028
3.639
4.067
4.382
4.952
5.47
5.845
5.858
5.796
5.679
5.45
5.291
5.156
4.888
4.426
4.016
3.717
3.418
3.124
2.856
2.725
2.716
2.854
3.312
3.811
4.103
4.404
4.841
5.503
5.96
6.235
6.186
5.871
5.525
5.375
5.313
5.203
4.631
4.029
3.682
3.329
3.139
2.962
2.776
2.637
2.535
2.44
2.336
2.232
2.293
2.426
2.695
3.107
3.764
4.611
5.484
6.243
6.726
6.934
7.011
7.073
6.928
6.322
5.466
4.662
3.959
3.459
3.155
2.924
2.731
2.633
3.049
3.744
4.354
5.06
5.592
6.234